1.000000000000000056e-01 3.192380369309078675e-02 3.146192061340602648e-03 2.592204103678069291e-02 1.269604230817833468e-02 2.430669465565590479e-02 2.028309346374183170e-02 1.317294507923153640e-02 4.829246372933455878e-02 1.796684694118092646e-02
3.192380369309078675e-02 1.000000000000000056e-01 4.530344950508560092e-02 3.674847696807436587e-02 2.617594852766886443e-02 3.602481396607156577e-02 2.915067320657170960e-02 2.672842229114114759e-02 2.003821848197554628e-02 1.922423384652740055e-02
3.146192061340602648e-03 4.530344950508560092e-02 1.000000000000000056e-01 4.717580616955973499e-02 3.922062345682041096e-02 1.744940972317895675e-02 4.998204053423484922e-02 5.223529153947992568e-03 2.485855733576695925e-02 1.150699469469086515e-02
2.592204103678069291e-02 3.674847696807436587e-02 4.717580616955973499e-02 1.000000000000000056e-01 1.329700622002932299e-02 1.234610936143438857e-02 3.108698951142156719e-02 2.722624898278177760e-02 4.707109076302926770e-02 1.153957775256114239e-02
1.269604230817833468e-02 2.617594852766886443e-02 3.922062345682041096e-02 1.329700622002932299e-02 1.000000000000000056e-01 3.148149816505797088e-02 1.515799940305510157e-02 2.381186665920445242e-02 4.054867822312630682e-02 1.686269056163897800e-02
2.430669465565590479e-02 3.602481396607156577e-02 1.744940972317895675e-02 1.234610936143438857e-02 3.148149816505797088e-02 1.000000000000000056e-01 3.959593107508253829e-02 2.552545797556953974e-02 2.597043658721400264e-02 1.846069963267419484e-02
2.028309346374183170e-02 2.915067320657170960e-02 4.998204053423484922e-02 3.108698951142156719e-02 1.515799940305510157e-02 3.959593107508253829e-02 1.000000000000000056e-01 1.376243982311094530e-02 2.318721707848442337e-03 5.701284974214165975e-03
1.317294507923153640e-02 2.672842229114114759e-02 5.223529153947992568e-03 2.722624898278177760e-02 2.381186665920445242e-02 2.552545797556953974e-02 1.376243982311094530e-02 1.000000000000000056e-01 4.508598032376195941e-02 8.914227966930093547e-03
4.829246372933455878e-02 2.003821848197554628e-02 2.485855733576695925e-02 4.707109076302926770e-02 4.054867822312630682e-02 2.597043658721400264e-02 2.318721707848442337e-03 4.508598032376195941e-02 1.000000000000000056e-01 2.765233842747683718e-02
1.796684694118092646e-02 1.922423384652740055e-02 1.150699469469086515e-02 1.153957775256114239e-02 1.686269056163897800e-02 1.846069963267419484e-02 5.701284974214165975e-03 8.914227966930093547e-03 2.765233842747683718e-02 2.000000000000000111e-01
